2 0.68828125 0.42421875 0.04453125 0.04609375
2 0.68125 0.46796875 0.01640625 0.06171875
2 0.696875 0.496875 0.03828125 0.06796875
2 0.7125 0.4984375 0.03203125 0.06484375
8 0.61796875 0.459375 0.02578125 0.04453125
8 0.59921875 0.4296875 0.03671875 0.0296875
8 0.60625 0.4359375 0.0375 0.03515625
8 0.59296875 0.46171875 0.03203125 0.015625
8 0.6078125 0.4859375 0.0453125 0.05546875
1 0.62421875 0.5609375 0.0515625 0.0203125
1 0.60390625 0.55390625 0.009375 0.05546875
1 0.6296875 0.5734375 0.04765625 0.0234375
1 0.61171875 0.58828125 0.04765625 0.01875