1 0.40859375 0.15703125 0.07109375 0.1546875
1 0.3875 0.16484375 0.06484375 0.1265625
1 0.33046875 0.1625 0.1015625 0.05078125
1 0.33828125 0.1984375 0.10390625 0.06640625
1 0.34921875 0.21875 0.09375 0.06015625
1 0.36796875 0.25546875 0.0921875 0.04453125
1 0.3859375 0.29609375 0.11484375 0.08046875
1 0.31171875 0.28359375 0.07578125 0.1109375
8 0.4625 0.1921875 0.0546875 0.103125
8 0.4734375 0.21328125 0.06875 0.1203125
8 0.49375 0.23359375 0.0546875 0.08515625
8 0.53359375 0.23515625 0.05234375 0.115625
8 0.446875 0.315625 0.0671875 0.11875
8 0.4859375 0.30625 0.059375 0.115625
8 0.50703125 0.3078125 0.06796875 0.14375
2 0.28984375 0.45859375 0.08125 0.20703125
2 0.35546875 0.3796875 0.12734375 0.07734375
2 0.37421875 0.4484375 0.14765625 0.06953125
2 0.3859375 0.496875 0.11796875 0.1140625
2 0.3859375 0.5625 0.11796875 0.096875
2 0.4546875 0.46875 0.07109375 0.20234375
2 0.51640625 0.38828125 0.10078125 0.17109375
2 0.53515625 0.46875 0.115625 0.21171875