1 0.36875 0.790625 0.03671875 0.19921875
1 0.43359375 0.77734375 0.13984375 0.08515625
1 0.43984375 0.81875 0.1265625 0.07578125
1 0.38359375 0.87421875 0.1140625 0.07265625
8 0.378125 0.59609375 0.09609375 0.16171875
8 0.42578125 0.49296875 0.07734375 0.18984375
8 0.353125 0.371875 0.15625 0.1140625
8 0.38515625 0.40703125 0.19453125 0.1421875
8 0.3375 0.50390625 0.1171875 0.115625
2 0.67265625 0.428125 0.1171875 0.18671875
2 0.621875 0.5546875 0.08671875 0.19921875
2 0.64375 0.63515625 0.13984375 0.16171875
2 0.6734375 0.67421875 0.109375 0.1546875