8 0.4109375 0.5484375 0.0953125 0.03203125
8 0.3609375 0.5515625 0.02421875 0.128125
8 0.38828125 0.4625 0.05390625 0.096875
8 0.3484375 0.46953125 0.03828125 0.14375
8 0.32734375 0.4828125 0.021875 0.1046875
1 0.4859375 0.67109375 0.07734375 0.1328125
1 0.5109375 0.60234375 0.05703125 0.140625
1 0.5359375 0.60703125 0.0859375 0.125
1 0.528125 0.70546875 0.04921875 0.1453125
2 0.57265625 0.2765625 0.075 0.16328125
2 0.54453125 0.2890625 0.08515625 0.18046875
2 0.49375 0.2875 0.09140625 0.146875
2 0.4546875 0.209375 0.08125 0.128125
7 0.47109375 0.47421875 0.43046875 0.7484375