2 0.6015625 0.21640625 0.10078125 0.1140625
2 0.59921875 0.2984375 0.03359375 0.16484375
2 0.6390625 0.34375 0.0671875 0.1484375
2 0.6828125 0.3578125 0.040625 0.1515625
8 0.43984375 0.28515625 0.0515625 0.1140625
8 0.4125 0.35078125 0.0796875 0.128125
8 0.38125 0.29921875 0.07890625 0.06796875
8 0.3875 0.221875 0.0921875 0.05546875
8 0.40859375 0.2421875 0.1109375 0.07734375
1 0.42265625 0.596875 0.1546875 0.05859375
1 0.40546875 0.5046875 0.03984375 0.16953125
1 0.4734375 0.50703125 0.13203125 0.06015625
1 0.49296875 0.5484375 0.14296875 0.08515625
7 0.49765625 0.43515625 0.54609375 0.68828125