2 0.61796875 0.4234375 0.071875 0.125
2 0.58671875 0.49140625 0.06796875 0.11875
2 0.5890625 0.565625 0.09375 0.115625
2 0.609375 0.61171875 0.078125 0.10625
8 0.465625 0.3015625 0.0453125 0.03828125
8 0.47421875 0.3328125 0.08671875 0.03203125
8 0.4828125 0.3796875 0.05390625 0.07109375
8 0.44453125 0.35546875 0.05625 0.03203125
8 0.4484375 0.42578125 0.04609375 0.1203125
1 0.40078125 0.55546875 0.04921875 0.1234375
1 0.4390625 0.58359375 0.08828125 0.05859375
1 0.440625 0.6265625 0.071875 0.08671875
1 0.3890625 0.61953125 0.07734375 0.09140625
7 0.49609375 0.50546875 0.3984375 0.68671875