2 0.49296875 0.61875 0.09296875 0.19453125
2 0.4859375 0.734375 0.090625 0.19765625
2 0.446875 0.66171875 0.0421875 0.21328125
2 0.40859375 0.52421875 0.084375 0.07890625
2 0.4109375 0.5765625 0.09140625 0.09375
2 0.4078125 0.65703125 0.08125 0.08359375
2 0.39375 0.7046875 0.071875 0.1125
2 0.36796875 0.5484375 0.05703125 0.19609375
8 0.49453125 0.32421875 0.05 0.1203125
8 0.50625 0.3515625 0.078125 0.15703125
8 0.50703125 0.40390625 0.05703125 0.121875
8 0.54609375 0.43203125 0.0296875 0.17890625
8 0.49765625 0.5390625 0.059375 0.17109375
8 0.4875 0.49296875 0.0671875 0.09375
8 0.4640625 0.48125 0.0578125 0.0953125
1 0.4640625 0.26875 0.04609375 0.15703125
1 0.45078125 0.27890625 0.0484375 0.153125
1 0.41484375 0.26953125 0.0625 0.04140625
1 0.41875 0.303125 0.075 0.03203125
1 0.41796875 0.33828125 0.07890625 0.04296875
1 0.4265625 0.3859375 0.0734375 0.05546875
1 0.42734375 0.43203125 0.078125 0.05546875
1 0.39609375 0.40234375 0.04765625 0.134375
7 0.46640625 0.49921875 0.3265625 0.9890625