8 0.5515625 0.36796875 0.040625 0.146875
8 0.56328125 0.38671875 0.06171875 0.15859375
8 0.57578125 0.409375 0.03125 0.1
8 0.60390625 0.40859375 0.03125 0.1171875
8 0.5546875 0.521875 0.034375 0.1421875
8 0.575 0.4953125 0.04375 0.1265625
8 0.590625 0.50625 0.03828125 0.1421875
1 0.51015625 0.31328125 0.07734375 0.17578125
1 0.4953125 0.33828125 0.07109375 0.15703125
1 0.4421875 0.359375 0.0921875 0.1140625
1 0.4515625 0.38984375 0.10859375 0.09375
1 0.4703125 0.425 0.0859375 0.115625
1 0.484375 0.4828125 0.08671875 0.0953125
1 0.50625 0.51875 0.0796875 0.1046875
1 0.43984375 0.54375 0.0890625 0.15625
2 0.45859375 0.765625 0.1046875 0.23125
2 0.49921875 0.640625 0.078125 0.1515625
2 0.51875 0.70234375 0.10859375 0.17578125
2 0.53125 0.76484375 0.08515625 0.1375
2 0.54453125 0.81015625 0.084375 0.1265625
2 0.57109375 0.68359375 0.05390625 0.18203125
2 0.60234375 0.57421875 0.040625 0.21328125
2 0.615625 0.65 0.0734375 0.17890625
7 0.475 0.5296875 0.45859375 0.940625