2 0.578125 0.45078125 0.08359375 0.1390625
2 0.54140625 0.5375 0.06171875 0.15859375
2 0.546875 0.61328125 0.0953125 0.15625
2 0.57265625 0.66484375 0.09921875 0.1109375
8 0.4078125 0.29921875 0.06328125 0.04296875
8 0.4171875 0.3328125 0.10234375 0.03203125
8 0.428125 0.40078125 0.059375 0.096875
8 0.38046875 0.36171875 0.078125 0.03828125
8 0.38828125 0.4453125 0.0484375 0.15
1 0.34140625 0.590625 0.07265625 0.15
1 0.3796875 0.6375 0.10625 0.07734375
1 0.3765625 0.67734375 0.090625 0.1046875
1 0.32265625 0.68125 0.10625 0.09140625
7 0.446875 0.5484375 0.4515625 0.7203125