1 0.58671875 0.4046875 0.06875 0.225
1 0.64375 0.44609375 0.0625 0.271875
1 0.5734375 0.55234375 0.11640625 0.19453125
1 0.44765625 0.61640625 0.1125 0.19609375
1 0.4921875 0.63984375 0.10234375 0.2234375
1 0.53203125 0.678125 0.09921875 0.19921875
1 0.5625 0.7234375 0.11484375 0.17890625
1 0.43203125 0.75703125 0.13984375 0.20859375
0 0.34296875 0.309375 0.1171875 0.1
0 0.3375 0.35546875 0.1125 0.07265625
0 0.2765625 0.44921875 0.08125 0.18515625
0 0.31015625 0.46328125 0.10078125 0.18828125
0 0.33828125 0.46953125 0.1 0.18671875
0 0.36796875 0.4890625 0.08828125 0.19453125
0 0.41171875 0.4921875 0.07890625 0.18828125
0 0.3421875 0.6109375 0.14375 0.0953125
3 0.52109375 0.20703125 0.0921875 0.1140625
3 0.4765625 0.2640625 0.03828125 0.1546875
3 0.44609375 0.259375 0.05546875 0.21328125
3 0.4171875 0.24765625 0.05 0.15
3 0.53515625 0.31875 0.05625 0.2359375
3 0.51171875 0.35 0.0265625 0.19140625
3 0.4828125 0.41875 0.040625 0.19296875