1 0.6375 0.43359375 0.02421875 0.19453125
1 0.61171875 0.4078125 0.0328125 0.20234375
1 0.575 0.3625 0.06796875 0.17578125
1 0.56328125 0.2484375 0.10390625 0.1078125
3 0.365625 0.29140625 0.0703125 0.08671875
3 0.4 0.31171875 0.109375 0.1171875
3 0.4375 0.36953125 0.05 0.1375
3 0.434375 0.48671875 0.11015625 0.125
3 0.384375 0.38671875 0.09453125 0.096875
0 0.47421875 0.71015625 0.065625 0.20703125
0 0.5203125 0.66640625 0.078125 0.1078125
0 0.53984375 0.696875 0.11171875 0.08203125
0 0.509375 0.796875 0.0875 0.15